!!!outp aaa
   43.46     0.12     0.12     0.44 
  127.29     0.12     0.74     0.68 
  195.52     0.44     0.68     1.73 
----------checking derr 1
----------checking derr 2
----------checking derr 3
----------checking derr 4
----------checking derr 5
----------checking derr 6
----------checking derr 7
----------checking derr 8
----------checking derr 9
----------checking derr 10
----------checking derr 11
----------checking derr 12
----------checking derr 13
----------checking derr 14
----------checking derr 15
----------checking derr 16
----------checking derr 17
!!!outp aaa
   -0.06     0.00     0.00     0.00     0.00     0.00     0.00    -0.00     0.00 
   -0.06     0.00     0.00     0.00     0.00     0.00     0.00    -0.00    -0.00 
   -0.12     0.00     0.00     0.00     0.00     0.00     0.00    -0.00     0.00 
   -0.12     0.00     0.00     0.00     0.00     0.00     0.00    -0.00    -0.00 
   -0.11     0.00     0.00     0.00     0.00     0.00     0.00     0.00     0.00 
   -0.08     0.00     0.00     0.00     0.00     0.00     0.00    -0.00    -0.01 
    0.02    -0.00    -0.00    -0.00    -0.00     0.00    -0.00     0.00     0.01 
   -0.00     0.00    -0.00     0.00    -0.00     0.00    -0.01     0.01     0.13 
----------checking derr 1
----------checking derr 2
----------checking derr 3
----------checking derr 4
----------checking derr 5
!!!outp aaa
-3581.04    35.18    29.31    64.40     8.86    41.74    89.20    -7.02     6.39 
-2964.87    29.31    24.99    54.13     9.56    36.55    76.56    -3.98     3.91 
-6539.33    64.40    54.13   118.32    17.98    77.55   164.64   -11.06    10.60 
 -828.83     8.86     9.56    17.98    11.18    17.63    32.36     5.01    -4.13 
-4198.46    41.74    36.55    77.55    17.63    57.37   116.80    -4.54     2.70 
-9020.99    89.20    76.56   164.64    32.36   116.80   243.12   -14.19     9.46 
  784.85    -7.02    -3.98   -11.06     5.01    -4.54   -14.19    10.00    -6.08 
 -696.94     6.39     3.91    10.60    -4.13     2.70     9.46    -6.08     5.54 
----------checking derr 1
----------checking derr 2
----------checking derr 3
----------checking derr 4
----------checking derr 5
----------checking derr 6
----------checking derr 7
----------checking derr 8
----------checking derr 9
!!!outp aaa
-3581.04    35.18    29.31    64.40     8.86    41.74    89.20    -7.02     6.39 
-2964.87    29.31    24.99    54.13     9.56    36.55    76.56    -3.98     3.91 
-6539.33    64.40    54.13   118.32    17.98    77.55   164.64   -11.06    10.60 
 -828.83     8.86     9.56    17.98    11.18    17.63    32.36     5.01    -4.13 
-4198.46    41.74    36.55    77.55    17.63    57.37   116.80    -4.54     2.70 
-9020.99    89.20    76.56   164.64    32.36   116.80   243.12   -14.19     9.46 
  784.85    -7.02    -3.98   -11.06     5.01    -4.54   -14.19    10.00    -6.08 
 -696.94     6.39     3.91    10.60    -4.13     2.70     9.46    -6.08     5.54 
----------checking derr 1
----------checking derr 2
----------checking derr 3
----------checking derr 4
----------checking derr 5
----------checking derr 6
----------checking derr 7
----------checking derr 8
----------checking derr 9
